#char font-size number-chars width
space 9 26 58
space 12 26 80
space 20 26 125
space 25 26 160
space 30 26 195
space 35 26 220
space 40 26 260
a 9 22 90
a 12 22 120
a 20 20 180
a 25 16 180
a 30 18 242
a 35 23 362
a 40 22 394
A 9 23 152
A 12 24 210
A 20 25 363
A 25 25 454
A 30 22 475
A 35 19 482
A 40 26 754
b 9 20 90
b 12 25 152
b 20 24 240
b 25 24 302
b 30 26 390
b 35 24 422
b 40 24 480
B 9 25 150
B 12 26 208
B 20 9 120
B 25 18 300
B 30 24 480
B 35 9 210
B 40 18 480
c 9 22 90
c 12 22 120
c 20 20 180
c 25 24 266
c 30 25 335
c 35 25 390
c 40 22 390
C 9 25 152
C 12 26 208
C 20 18 242
C 25 18 303
C 30 24 482
C 35 18 422
C 40 18 482
d 9 13 60
d 12 25 153
d 20 24 242
d 25 19 238
d 30 24 363
d 35 24 422
d 40 21 422
D 9 9 60
D 12 17 146
D 20 2 30
D 25 15 272
D 30 18 392
D 35 19 482
D 40 26 752
e 9 20 90
e 12 11 60
e 20 20 176
e 25 8 90
e 30 18 241
e 35 25 388
e 40 22 393
E 9 16 86
E 12 8 60
E 20 20 270
E 25 26 400
E 30 18 333
E 35 21 449
E 40 16 394
f 9 20 60
f 12 23 90
f 20 4 26
f 25 7 60
f 30 9 90
f 35 24 270
f 40 21 274
F 9 24 126
F 12 18 126
F 20 16 175
F 25 15 206
F 30 18 303
F 35 20 388
F 40 23 515
g 9 13 60
g 12 25 155
g 20 24 244
g 25 24 304
g 30 26 392
g 35 24 423
g 40 24 482
G 9 9 60
G 12 24 206
G 20 25 364
G 25 5 96
G 30 11 237
G 35 13 330
G 40 19 550
h 9 13 60
h 12 25 156
h 20 24 246
h 25 24 303
h 30 26 395
h 35 17 296
h 40 24 485
H 9 9 60
H 12 24 206
#H 20 20 366
H 20 23 336
H 25 5 96
H 30 18 396
H 35 13 330
H 40 19 550
i 9 24 65
i 12 9 34
i 20 16 90
i 25 26 183
i 30 18 152
i 35 3 30
i 40 8 90
I 9 20 64
I 12 22 87
I 20 18 124
I 25 25 208
#I 30 22 242
I 30 24 242
I 35 18 210
I 40 18 240
j 9 12 36
j 12 9 32
j 20 16 87
j 25 26 182
j 30 11 92
j 35 25 246
j 40 19 210
J 9 8 28
J 12 19 90
J 20 23 180
J 25 6 60
J 30 5 60
J 35 22 304
J 40 23 358
k 9 13 60
k 12 25 154
k 20 21 215
k 25 19 240
k 30 26 395
k 35 17 300
k 40 21 425
K 9 9 60
K 12 24 210
K 20 4 58
K 25 20 366
K 30 22 475
K 35 13 330
K 40 2 58
l 9 11 27
l 12 9 36
l 20 16 90
l 25 26 184
l 30 25 206
l 35 3 30
l 40 8 90
L 9 16 86
L 12 8 60
L 20 22 270
L 25 26 404
L 30 18 332
L 35 14 300
L 40 11 268
m 9 17 120
m 12 19 175
m 20 25 390
m 25 20 391
m 30 9 214
m 35 22 600
m 40 21 662
M 9 26 210
M 12 14 152
M 20 5 90
M 25 4 90
M 30 18 480
M 35 24 750
M 40 5 172
n 9 13 60
n 12 25 154
n 20 21 214
n 25 24 306
#n 30 22 304
n 30 26 393
n 35 24 424
n 40 24 484
N 9 9 60
N 12 24 210
N 20 4 58
N 25 5 90
N 30 18 390
N 35 19 480
N 40 19 548
o 9 13 60
o 12 25 152
o 20 24 244
o 25 24 302
o 30 26 392
o 35 24 422
o 40 18 360
O 9 23 152
O 12 24 204
O 20 2 30
O 25 20 364
O 30 18 390
O 35 13 324
O 40 26 753
p 9 13 60
p 12 5 34
p 20 24 243
p 25 24 304
p 30 26 392
p 35 24 422
p 40 24 482
P 9 20 96
P 12 18 124
P 20 8 90
P 25 15 208
P 30 18 300
P 35 20 390
P 40 23 512
q 9 13 60
q 12 25 154
q 20 24 243
q 25 24 304
q 30 26 394
q 35 24 424
q 40 24 485
Q 9 23 153
Q 12 24 205
Q 20 2 30
Q 25 25 458
Q 30 18 390
Q 35 6 158
Q 40 26 754
r 9 20 64
r 12 20 90
r 20 20 146
r 25 25 210
r 30 24 242
r 35 5 60
r 40 20 266
R 9 20 120
R 12 26 208
R 20 18 240
R 25 9 150
R 30 24 480
R 35 18 420
R 40 18 482
s 9 8 28
s 12 19 90
s 20 23 180
s 25 3 30
s 30 5 55
s 35 22 300
#s 40 25 286
s 40 25 385
S 9 24 123
S 12 18 124
S 20 8 88
S 25 26 364
S 30 18 300
S 35 17 333
S 40 23 513
t 9 24 66
t 12 18 66
t 20 16 90
t 25 17 120
t 30 25 210
t 35 6 60
t 40 24 264
T 9 16 85
T 12 8 60
T 20 22 270
T 25 24 375
T 30 18 332
T 35 21 450
T 40 16 394
u 9 13 60
u 12 25 155
u 20 24 244
u 25 24 304
u 30 26 394
u 35 24 424
u 40 24 484
U 9 23 152
U 12 24 210
U 20 25 366
U 25 5 93
U 30 18 390
U 35 19 483
U 40 19 550
v 9 13 60
v 12 25 154
v 20 24 244
v 25 24 305
v 30 26 392
v 35 24 424
v 40 24 482
V 9 23 153
V 12 24 210
V 20 4 60
V 25 25 455
V 30 18 390
V 35 13 330
V 40 19 550
w 9 23 153
w 12 24 210
w 20 4 60
w 25 25 456
w 30 18 392
w 35 19 485
w 40 26 756
W 9 21 180
W 12 21 240
W 20 19 360
W 25 19 450
W 30 23 655
W 35 10 330
W 40 8 310
x 9 13 60
x 12 25 154
x 20 18 182
x 25 24 302
x 30 24 363
x 35 24 422
x 40 21 422
X 9 23 153
X 12 24 209
X 20 2 30
X 25 25 455
X 30 18 390
X 35 19 483
X 40 26 758
y 9 13 60
y 12 25 154
y 20 24 244
y 25 24 304
y 30 26 394
y 35 24 420
y 40 24 480
Y 9 23 153
Y 12 24 210
Y 20 25 366
Y 25 25 455
Y 30 18 392
Y 35 19 482
Y 40 26 755
z 9 22 90
z 12 22 114
z 20 20 172
z 25 16 175
z 30 18 242
z 35 25 390
z 40 22 395
Z 9 16 85
Z 12 12 84
Z 20 22 270
Z 25 2 34
Z 30 18 334
Z 35 21 448
Z 40 16 394
plus 9 17 82
plus 12 22 150
plus 20 24 275
plus 25 17 244
plus 30 23 390
plus 35 26 520
plus 40 20 455
minus 9 20 65
minus 12 15 65
minus 20 18 126
minus 25 25 203
minus 30 24 245
minus 35 18 216
minus 40 18 247
0 9 13 60
0 12 25 152
0 20 24 242
0 25 24 302
0 30 26 392
0 35 24 420
0 40 24 480
1 9 14 60
1 12 16 90
1 20 26 242
1 25 26 300
1 30 26 360
1 35 26 420
1 40 26 480
2 9 20 93
2 12 25 152
2 20 24 240
2 25 24 300
2 30 26 390
2 35 24 420
2 40 24 478
3 9 20 94
3 12 25 152
3 20 24 240
3 25 24 300
3 30 26 388
3 35 19 334
3 40 24 475
4 9 20 94
4 12 25 153
4 20 24 240
4 25 24 300
4 30 24 360
4 35 24 420
4 40 24 480
5 9 20 93
5 12 25 152
5 20 24 240
5 25 24 300
5 30 26 390
5 35 19 334
5 40 24 475
6 9 13 60
6 12 25 152
6 20 24 242
6 25 24 303
6 30 26 392
6 35 24 420
6 40 24 480
7 9 20 94
7 12 25 154
7 20 24 240
7 25 24 301
7 30 26 390
7 35 24 420
7 40 24 480
8 9 20 94
8 12 25 152
8 20 24 240
8 25 24 300
8 30 26 390
8 35 24 420
8 40 24 480
9 9 20 93
9 12 25 150
9 20 24 241
9 25 24 300
9 30 26 391
9 35 24 420
9 40 24 480
open-paren 9 20 66
open-paren 12 15 66
open-paren 20 18 125
open-paren 25 25 210
open-paren 30 24 242
open-paren 35 23 269
open-paren 40 18 243
close-paren 9 20 64
close-paren 12 15 64
close-paren 20 18 122
close-paren 25 18 152
close-paren 30 24 240
close-paren 35 18 210
close-paren 40 18 238

